70
63
63
3
65
72
18
27
26
52
27
79
100
76
16
75
9
100
81
10
39
55
59
72
13
70
85
42
15
59
20
43
69
22
78
82
79
56
31
39
72
94
14
65
44
57
34
36
87
14
33
51
85
33
7
33
19
15
93
50
82
1
31
50
2
51
95
69
97
6
16
37
43
50
71
18
10
24
100
41
36
35
27
35
54
57
88
2
20
14
50
99
40
3
91
67
56
9
34
52
43
18
97
55
35
83
71
61
90
5
70
95
61
85
25
58
95
94
59
22
54
10
70
63
9
98
68
29
65
59
70
87
78
67
25
72
15
37
41
40
44
65
38
2
94
31
91
14
27
42
30
64
64
49
69
8
58
85
99
82
78
10
39
21
73
67
38
29
100
31
70
15
75
19
3
44
72
34
13
46
20
2
38
48
86
73
96
96
96
57
70
64
50
67
65
59
2
57
44
64
49
67
51
80
28
78
61
69
44
15
42
17
4
79
40
94
58
56
77
8
86
59
15
12
55
18
17
46
60
13
31
74
89
76
40
96
15
13
18
10
98
56
60
6
2
4
38
100
59
50
93
5
79
65
44
93
31
41
92
78
9
83
99
6
62
76
41
65
69
53
27
30
14
16
78
33
84
83
19
38
62
63
76
1
82
83
99
60
47
39
16
32
48
49
19
66
96
65
21
15
18
94
61
94
46
78
48
100
52
71
35
85
27
61
37
68
46
86
26
33
93
92
78
31
7
13
19
60
8
34
46
18
87
49
93
55
23
19
10
70
43
69
90
64
4
95
13
62
75
67
83
7
93
48
86
25
67
7
88
52
19
7
42
30
23
12
19
80
79
6
57
59
67
49
69
28
75
52
39
81
70
17
63
82
56
23
43
3
5
30
15
55
8
3
82
57
44
47
93
91
9
15
32
59
60
2
79
55
10
32
54
38
89
32
48
18
31
41
60
23
62
9
43
45
83
26
97
47
19
12
97
35
44
80
42
88
68
11
21
75
53
47
19
67
36
41
88
21
8
87
79
78
39
84
58
95
79
83
17
3
67
98
23
75
59
59
6
58
52
53
89
20
33
55
68
52
75
61
2
43
29
90
32
74
17
19
91
38
77
17
27
26
81
93
97
13
99
31
16
73
24
15
89
98
99
3
86
78
66
79
3
20
32
36
24
45
99
42
58
56
58
74
56
80
82
81
11
30
36
18
36
52
97
51
84
95
81
9
2
9
35
52
57
23
14
93
33
82
86
100
14
95
72
94
92
82
92
54
95
57
43
29
20
77
78
51
68
97
73
61
17
95
52
42
52
41
30
77
45
97
61
48
40
97
36
21
14
19
37
56
100
70
6
28
50
61
64
38
61
43
46
46
56
95
54
69
8
89
100
29
9
7
20
62
50
65
57
46
57
88
73
51
19
6
44
36
9
49
80
97
29
100
80
100
36
35
78
89
1
37
58
26
15
41
10
70
25
54
80
71
97
61
34
15
24
7
70
44
73
38
38
18
33
61
28
84
69
83
26
100
14
69
14
12
2
74
98
19
71
78
61
93
63
78
13
51
30
92
65
64
26
25
12
73
96
72
99
90
87
52
54
72
17
61
48
57
88
92
70
56
5
52
65
25
77
60
56
35
87
48
87
96
8
77
53
14
3
82
69
61
90
32
84
4
70
90
26
40
26
70
49
42
61
51
87
32
11
52
96
80
95
48
95
25
80
31
16
95
23
16
14
48
20
40
43
98
46
64
41
58
82
85
37
86
24
1
2
94
75
87
95
33
41
100
6
40
17
12
19
20
48
78
75
83
60
97
26
70
89
80
78
55
44
50
87
9
91
90
36
97
34
78
27
85
69
9
74
83
26
86
24
22
74
73
40
85
60
37
85
76
89
2
9
85
51
72
98
26
53
5
65
48
35
32
77
19
65
77
93
13
92
24
46
53
89
61
52
82
86
27
42
68
82
71
8
90
50
39
34
61
4
95
37
9
80
94
65
76
74
16
25
9
42
6
83
17
100
28
50
65
94
28
29
72
83
35
92
12
71
28
68
80
73
60
18
70
3
8
97
47
41
98
58
84
40
39
76
8
76
89
25
65
26
68
48
98
32
4
85
24
42
37
51
54
85
61
72
29
89
13
44
89
73
19
80
34
6
5
87
95
19
13
6
54
42
48
61
64
77
35
16
87
11
51
11
45
46
61
47
13
6
54
40
70
33
94
85
9
57
36
11
10
62
71
72
72
61
69
6
51
73
32
29
36
6
21
65
15
47
82
9
11
69
25
9
34
51
78
5
3
77
3
4
78
90
11
85
78
41
86
31
90
11
85
29
85
15
72
73
63
1
1
83
46
29
37
15
94
67
8
59
81
8
48
41
65
85
63
52
25
76
84
60
56
70
20
46
59
89
45
98
88
2
55
28
57
79
1
39
49
93
71
34
23
71
22
100
49
96
57
8
68
19
85
81
7
95
84
27
57
78
50
8
73
7
81
34
16
96
55
79
27
6
100
93
90
6
65
68
19
41
78
30
84
35
73
59
34
97
51
52
29
79
51
92
95
45
80
47
68
100
95
75
52
61
92
95
23
40
96
74
1
20
40
68
24
73
49
73
41
84
52
79
89
25
80
7
65
51
4
13
94
43
45
65
37
31
51
59
66
85
39
42
5
68
85
8
95
64
8
84
53
13
31
3
44
84
64
43
85
26
68
54
99
19
47
53
98
74
57
35
5
49
69
80
97
22
11
57
57
50
43
19
42
62
28
58
52
92
94
24
35
19
87
63
29
2
78
15
1
18
61
14
43
85
84
82
100
19
17
52
51
27
75
84
82
41
85
23
10
9
100
24
87
35
40
31
9
6
89
25
27
82
5
53
94
55
1
60
16
17
82
96
51
24
1
6
33
13
78
71
55
99
66
9
36
72
57
89
6
73
69
2
64
14
61
29
3
26
81
6
75
42
66
19
40
2
77
94
40
48
70
30
2
35
65
14
66
76
32
86
19
88
42
92
23
52
5
23
94
86
71
69
10
57
31
62
11
74
21
28
67
3
95
81
99
31
14
30
31
27
59
83
93
9
76
63
83
18
7
16
35
88
80
63
53
61
94
89
97
61
38
71
52
21
67
68
11
96
63
29
71
45
97
78
59
35
28
34
59
35
54
27
41
17
77
3
58
5
3
18
18
60
77
10
82
59
6
43
29
16
3
5
46
29
56
54
99
88
6
24
90
60
90
58
85
86
7
56
55
47
34
87
61
48
5
18
3
45
96
31
1
58
97
46
95
10
10
49
29
29
64
30
59
56
86
81
54
50
45
29
16
15
17
36
80
5
14
40
47
46
68
24
89
2
47
28
26
37
35
55
23
92
15
28
37
75
34
36
11
52
62
72
59
6
89
18
26
59
49
12
88
82
8
95
57
97
71
35
22
86
70
45
44
49
72
96
47
82
68
62
93
91
26
13
72
8
65
32
91
69
59
94
21
43
81
39
74
38
17
1
84
95
8
13
11
92
14
67
56
85
3
55
34
12
23
11
54
46
40
88
94
17
75
35
68
50
96
42
47
76
94
84
83
18
3
53
91
48
78
5
96
7
9
38
6
28
3
45
98
54
17
89
76
33
17
65
6
25
81
72
82
47
36
57
56
15
13
54
7
15
71
5
5
74
2
76
94
62
53
14
85
67
49
40
30
49
19
1
22
99
95
93
64
26
83
30
9
55
63
23
83
26
17
20
91
27
63
96
86
12
93
73
7
47
24
87
50
69
80
93
96
38
52
9
68
9
91
92
57
54
25
34
5
32
15
10
28
68
81
44
100
48
99
89
17
27
58
74
11
70
50
81
100
92
85
30
89
20
67
84
84
30
40
99
11
16
35
20
72
19
26
67
23
30
50
24
100
83
23
31
69
26
26
90
34
78
21
64
1
38
28
90
29
90
49
66
6
30
35
80
3
16
37
12
87
46
98
42
77
30
96
82
86
56
81
37
76
79
94
32
39
56
88
61
97
37
60
44
97
56
95
29
93
19
46
59
58
86
67
38
23
42
35
80
83
3
23
72
64
71
69
10
9
59
63
54
96
3
31
48
65
94
90
71
98
59
19
73
64
34
76
2
18
99
80
71
20
25
64
43
1
78
4
95
19
30
8
9
97
10
88
73
47
70
75
45
75
99
24
83
34
82
82
94
20
60
75
74
91
28
33
82
84
48
28
100
39
84
78
34
19
51
57
91
52
80
6
29
24
20
29
86
71
78
56
55
64
55
20
95
55
11
97
20
58
55
49
65
80
19
8
34
44
1
32
75
4
45
76
65
56
46
16
78
51
90
79
37
84
12
48
61
90
40
17
24
98
26
86
4
7
97
28
51
47
49
58
47
99
100
84
11
85
73
27
6
33
4
60
63
66
97
21
81
61
48
26
61
12
96
23
66
68
54
92
32
64
58
46
49
1
9
23
16
46
42
35
46
19
35
90
6
14
89
58
29
32
61
33
86
71
83
92
31
53
25
43
30
72
47
11
40
53
95
98
20
36
25
34
